93147 91811 1
37936 93147 1
37935 37936 2
37937 37935 2
37939 37937 4
37933 37939 4
37932 37933 5
37946 37932 11
37907 37946 30
37998 37907 63
37812 37998 125
38198 37812 263
38986 38198 1051
40537 38986 2602
43693 40537 5758
37437 43693 500
24942 37437 12995
500058208
35589 35587 2
35592 35589 5
35596 35592 9
35586 35596 1
35573 35586 14
35602 35573 15
35653 35602 66
35744 35653 157
35545 35744 42
35154 35545 433
35936 35154 349
34370 35936 1217
31250 34370 4337
37437 31250 1850
24942 37437 10645
500055795
1554 66490 1
1557 1554 4
1550 1557 5
1559 1550 6
1584 1559 31
1634 1584 81
1730 1634 177
1926 1730 373
2298 1926 745
1538 2298 17
3091 1538 1538
6298 3091 4745
12487 6298 10934
24942 12487 23389
286617755
